180.000000 180.000000
179.048893 182.196779
178.097785 184.393558
177.146678 186.590338
176.195570 188.787117
175.244463 190.983896
173.529244 195.446578
171.814025 199.909259
170.098806 204.371941
168.383587 208.834622
166.668368 213.297304
164.534054 217.760563
162.399741 222.223821
160.265427 226.687080
158.131114 231.150338
155.996800 235.613597
154.564516 238.337940
153.132232 241.062283
151.699948 243.786626
150.267664 246.510969
148.835380 249.235312
147.737182 251.914138
146.638983 254.592964
145.540785 257.271791
144.442586 259.950617
143.344388 262.629443
141.631505 264.716603
139.918622 266.803763
138.205738 268.890922
136.492855 270.978082
134.779972 273.065242
132.252129 275.115360
129.724285 277.165478
127.196442 279.215596
124.668598 281.265714
122.140755 283.315832
118.884851 284.903393
115.628947 286.490954
112.373044 288.078515
109.117140 289.666076
105.861236 291.253637
101.902558 293.427143
97.943880 295.600650
93.985202 297.774156
90.026524 299.947663
86.067846 302.121169
84.995349 302.357775
83.922852 302.594382
82.850356 302.830988
81.777859 303.067595
80.705362 303.304201
77.167376 301.226551
73.629390 299.148902
70.091405 297.071252
66.553419 294.993603
63.015433 292.915953
62.902760 288.505192
62.790087 284.094430
62.677413 279.683669
62.564740 275.272907
62.452067 270.862146
64.154738 267.442197
65.857410 264.022248
67.560081 260.602298
69.262753 257.182349
70.965424 253.762400
71.857390 251.155173
72.749355 248.547945
73.641321 245.940718
74.533286 243.333490
75.425252 240.726263
76.517670 235.693843
77.610088 230.661423
78.702505 225.629004
79.794923 220.596584
80.887341 215.564164
81.132055 214.319844
81.376769 213.075524
81.621483 211.831203
81.866197 210.586883
82.110911 209.342563
82.884697 204.701232
83.658483 200.059901
84.432268 195.418570
85.206054 190.777239
85.979840 186.135908
86.440486 181.644544
86.901132 177.153180
87.361778 172.661817
87.822424 168.170453
88.283070 163.679089
89.107480 159.250867
89.931890 154.822645
90.756301 150.394424
91.580711 145.966202
92.405121 141.537980
92.485290 139.008706
92.565459 136.479433
92.645627 133.950159
92.725796 131.420886
92.805965 128.891612
93.455200 124.726614
94.104436 120.561616
94.753671 116.396619
95.402907 112.231621
96.052142 108.066623
96.609216 103.338633
97.166291 98.610643
97.723365 93.882654
98.280440 89.154664
98.837514 84.426674
98.958562 81.546829
99.079610 78.666985
99.200657 75.787140
99.321705 72.907296
99.442753 70.027451
98.445553 69.919285
97.448352 69.811119
96.451152 69.702954
95.453951 69.594788
94.456751 69.486622
90.684792 72.713399
86.912834 75.940176
83.140875 79.166954
79.368917 82.393731
75.596958 85.620508
74.312109 86.628735
73.027261 87.636963
71.742412 88.645190
70.457564 89.653418
69.172715 90.661645
65.523510 94.151414
61.874305 97.641183
58.225101 101.130952
54.575896 104.620721
50.926691 108.110490
48.340025 111.865703
45.753358 115.620917
43.166692 119.376130
40.580025 123.131344
37.993359 126.886557
35.457173 129.778966
32.920986 132.671376
30.384800 135.563785
27.848613 138.456195
25.312427 141.348604
23.633888 143.910923
21.955349 146.473242
20.276809 149.035562
18.598270 151.597881
16.919731 154.160200
14.746442 157.518510
12.573153 160.876820
10.399864 164.235129
8.226575 167.593439
6.053286 170.951749
4.842629 172.761399
3.631972 174.571049
2.421314 176.380700
1.210657 178.190350
0.000000 180.000000
